210.378198 20.036505 479.542263 140.021575
220.656849 209.618613 652.711655 156.996691
107.507117 13.130905 196.454105
477.733199 225.569178 615.345406 359.158652
419.627825 370.978554 491.499453 264.637657
275.011901 248.024269 612.129704 266.665071
235.988088 217.762268 526.170791 221.153703
108.575719 105.922341 571.684384 88.033588
465.959462 42.040574 472.993977 504.081620
662.588960 269.209945 662.928132 666.035871
487.737438 488.214885 643.654403 619.989270
503.639923 242.000092 700.220879 701.342407
546.503446 154.361370 612.702353 642.737440
477.176155 506.285339 573.322109 526.370009
548.515555 533.646307 587.910407 570.689482
359.299458 58.073276 476.936958 527.141526
352.653187 53.048017 505.738013 553.222198
518.514605 497.887475 622.812288 607.548969
478.339148 194.009147 473.253817 477.065490
429.131919 407.444792 645.048119 649.332926
356.540808 303.571729 357.248196 522.003441
527.854746 257.500148 610.718523 581.629016
210.539933 135.330415 475.593086 497.951476
144.306887 137.094952 599.597468 620.290857
205.999541 173.414221 599.080967 596.938362
232.832898 23.514659 455.189961 482.424313
718.290677 254.643266 699.696665 712.606246
172.610806 87.252594 395.620544 187.367300
259.261195 125.589811 615.875323 631.852370
360.895865 81.065781 432.040363 454.223020
372.592582 15.253454 535.724505 405.904048
359.486509 29.217656 515.197767 537.827659
337.851808 22.349316 423.856963 342.013749
127.740364 5.794643 309.232856 139.409131
143.271944 115.178721 379.589285 396.436167
185.252467 177.732718 539.574744 565.779242
236.319945 214.696215 405.786497 405.402333
163.795489 134.340580 607.391561 55.374478
186.401009 168.832703 385.636237 173.595458
194.668103 180.186291 427.163196 434.507282
237.744332 28.895708 478.440948 504.442744
341.226939 85.066048 511.576253 547.769334
265.506267 144.469580 484.002248 498.666005
600.011970 544.618701 682.675334 651.734918
482.159722 117.432519 511.713970 533.911919
635.007457 358.708300 678.570358 668.542296
252.959038 194.326556 655.108332 658.025947
572.185468 506.144075 611.442173 576.172745
160.022533 114.242211 301.533421 308.365731
438.512482 435.876763 459.697338 426.211083
234.751476 78.787542 498.255372 227.056564
427.389232 259.258834 672.428357 356.995888
187.592550 181.019691 310.284369 165.951247
210.430200 30.936618 522.595390 296.316328
720.041511 724.808164 763.597962 714.899976
215.509253 34.442924 514.280897 550.775359
520.154338 514.090406 554.146766 515.802830
502.390060 506.227685 693.076663 662.644789
485.078977 478.963577 691.640198 663.137202
378.355520 53.323888 523.357050 334.356114
594.424334 581.875264 618.756077 588.031850
310.325053 299.894589 516.364892 224.899193
300.460436 285.302716 435.117274 416.117999
430.664966 72.786872 547.285349 584.090609
572.686445 588.572232 601.810063 581.007962
686.873178 678.480883 724.135661 678.109387
251.392468 195.808135 605.341063 132.455788
494.338976 498.252550 509.638599 487.989161
560.915166 134.688899 542.888623 570.215066
366.653042 52.400886 621.605200 657.917388
613.514821 193.041045 620.457413 643.829930
436.225758 109.086986 535.944201 559.869300
5.015103 4.418271 465.293043 270.639228
360.860590 194.465026 670.247818 189.245987
580.517448 341.375374 598.496767 599.233594
388.525034 243.364586 554.700724 566.249499
638.512632 622.891224 696.498001 666.073940
424.337917 379.724859 549.458644 529.757106
507.629803 491.082535 551.306933 372.541152
59.692590 56.839062 505.916273 526.815331
497.048479 503.286688 580.036098 559.969243
615.960076 598.008821 640.849136 624.865427
651.809657 647.539303 679.971750 647.553709
591.256561 591.157829 675.280306 646.171242
542.432129 543.967456 664.007734 631.439672
366.950502 128.736382 662.632344 201.349712
260.440431 111.828874 478.216825 245.201740
593.643827 602.498424 606.157110 592.269225
539.346582 552.715931 546.311278 526.325051
561.729605 556.034762 652.847797 624.174133
565.837511 444.927178 650.874999 631.963120
516.171271 356.321694 609.181780 597.857065
607.100088 602.427327 679.864479 657.383174
201.334562 91.743426 380.628176 109.421375
584.181385 583.719746 696.737958 657.079509
261.429685 207.956556 579.290771 166.342307
300.381076 210.298331 561.016330 262.837124
336.358628 46.579546 549.143315 321.911576
525.751167 372.309500 613.777056 607.123638
655.259716 644.146839 717.067965 675.132376
612.313965 605.907160 630.150159 583.435813
435.113458 259.580253 619.924102 313.153085
365.078452 161.866725 626.007496 336.085444
704.637080 704.420788 744.428526 694.552182
695.535369 704.344180 743.382750 697.065350
409.421519 203.715499 586.812744 270.323545
256.749694 245.852990 490.760459 215.368973
266.961841 248.974307 447.561153 276.899329
343.668825 114.021828 519.497330 543.541967
548.487153 534.242588 690.577241 654.546967
448.809700 375.790813 686.574995 664.775541
405.706937 411.458037 493.079601 467.146997
537.407003 445.625639 710.183556 692.189761
495.915142 407.673457 709.812430 692.190170
497.912058 409.662820 711.986242 690.863559
502.323365 404.207537 710.170568 686.433894
494.908431 410.113512 712.604214 690.094352
202.752101 187.427680 453.617660 221.281285
569.177247 432.302502 705.160876 686.114930
572.740713 436.963812 707.457625 683.336626
579.244713 438.720597 708.202272 682.684630
122.351143 14.128525 499.688185 530.406924
569.042954 445.737119 704.032734 680.359570
573.950128 441.105755 704.707646 685.790779
256.859987 198.257972 544.938413 227.204951
535.018955 417.994251 715.863018 695.513122
560.608331 516.883049 708.021312 684.556426
260.549268 137.403895 545.097949 247.644932
361.367316 373.197682 547.698136 524.273531
390.617811 390.450451 579.702427 555.416720
480.596813 492.183810 639.176450 606.970181
441.414861 448.074319 614.498719 588.954663
503.051736 505.069041 659.105764 627.174983
548.782898 552.443489 682.715387 646.324710
480.072626 483.125758 648.246038 615.007513
495.479207 496.103557 560.968311 526.573183
526.703302 530.180543 592.872238 556.964845
580.629014 588.121823 648.434855 607.241471
542.878642 554.267225 624.297859 588.737019
617.099260 626.484138 688.064439 644.747276
607.955495 611.263524 668.412622 626.808031
325.717764 127.322797 602.192312 315.202618
542.714430 544.722074 572.967680 545.638586
372.110673 196.299858 556.332173 575.906027
393.723027 389.187973 694.315006 345.949575
106.244119 6.902925 420.549017 77.886989
575.763617 586.469008 595.445039 578.248262
437.247478 439.448802 621.794746 613.421813
584.528149 592.557823 658.101335 613.171297
530.456851 530.179928 566.907132 527.674813
512.523188 275.919986 612.637988 310.037426
404.430048 202.262502 595.766040 280.757746
208.907989 193.131176 531.237268 235.082694
204.515101 203.377152 442.556857 161.195314
330.548865 73.502713 518.628428 544.578820
690.496282 679.764359 720.988734 671.457902
682.604568 680.664692 721.669013 673.117228
681.464519 678.798241 719.485925 675.365764
673.072200 668.742104 663.360432 618.045117
682.797896 671.461249 666.093761 616.588096
672.402294 664.949802 667.358961 622.997257
673.284267 665.206046 664.573152 622.605217
666.924781 663.455438 665.936867 620.382046
455.270084 229.714945 650.538485 666.229932
652.902248 584.724353 696.738279 665.488869
636.784384 588.810721 687.350549 649.832913
646.688273 576.286928 689.736568 660.841211
621.798410 170.905703 641.080934 652.791448
616.241131 172.072996 639.529390 654.985324
656.709555 180.487297 639.941278 648.992460
579.596437 132.663923 644.752753 659.715108
579.536991 458.954810 710.812281 705.855649
701.901299 698.957010 743.728757 694.306542
707.217610 702.474988 744.861667 697.281809
702.745518 698.167631 741.852547 695.572269
667.393525 663.009436 706.945140 660.258092
661.716964 654.355289 700.726181 652.003435
206.253481 36.427162 459.827063 165.529686
670.504768 650.933195 750.654621 708.540880
331.817328 105.342237 531.689936 211.921167
425.683988 429.727625 445.242600 414.670659
430.407953 425.144461 445.145868 415.954842
423.683323 424.430821 445.314237 412.580571
429.018911 424.089207 445.237057 413.353468
423.138775 428.842126 440.615090 412.861769
641.127248 641.114205 679.143096 636.097161
600.658949 614.526182 648.784154 625.780349
425.729556 433.088470 446.073364 413.383425
425.012370 433.227123 439.304679 414.575892
427.581815 429.859405 444.063952 414.665848
426.871623 428.001854 445.923732 414.641165
428.567993 432.453785 444.946616 413.329056
563.253186 565.015837 648.162102 611.068056
594.768418 489.871830 609.922733 584.206202
495.508385 359.936770 492.661011 470.931573
590.425430 492.760976 610.478595 588.311631
591.505766 482.882432 611.802811 588.236861
601.619214 493.202948 616.075093 585.297824
583.618698 445.884831 608.503287 584.621442
588.395291 398.027570 602.077554 581.829741
584.225542 399.417487 605.054806 583.115558
604.430512 580.378755 628.271136 588.592872
493.944900 141.645262 471.621553 480.272454
508.962579 500.395317 523.017057 490.086555
594.493843 590.123798 629.061429 590.352842
603.748721 595.822220 624.040187 587.248675
583.810906 577.425171 626.248391 581.944978
601.008085 590.345334 628.987701 586.951046
593.217445 590.828401 632.874955 588.180644
530.248241 525.079601 657.481425 620.465399
486.182588 302.860381 493.711353 480.314911
131.081273 9.738033 378.041241 143.655118
424.890886 306.296911 581.421913 590.078797
219.458462 87.099199 561.995348 614.612495
132.322824 67.520618 325.825395 179.054716
453.455355 118.689898 546.486317 570.404373
253.005664 14.513732 527.512141 567.304837
159.648508 72.916189 460.168110 482.029150
185.679881 38.867987 445.443093 465.216210
306.781709 64.472730 517.873290 549.016435
269.294740 63.953531 535.718077 559.776803
245.948619 90.871554 564.654050 331.672363
200.339227 16.720898 479.567766 155.442913
399.396502 95.667376 610.195514 400.054005
429.722552 115.302367 578.405647 606.134298
228.721533 47.249563 481.621440 168.667738
590.666422 351.377693 703.876303 704.562128
514.385521 66.419945 602.210599 642.825120
405.868971 62.409383 551.940031 580.554681
571.777610 185.044185 578.496501 606.980452
542.746384 367.118900 634.478012 624.108508
546.381915 364.829161 632.380170 625.179737
539.820676 363.117824 634.650554 620.916953
538.549885 367.368458 635.374202 625.753404
82.859869 10.785936 265.173968 282.962355
651.504438 567.155515 674.816429 641.124290
346.213170 63.362571 495.948771 419.644986
334.102934 324.172028 598.231246 582.450913
209.246426 142.837238 529.331023 317.972155
202.046315 183.429613 641.372008 217.945268
466.866518 451.550889 558.442920 548.608631
179.309153 41.723911 493.125985 221.699424
629.745456 150.650911 685.179808 698.441931
576.419813 181.674851 611.210719 639.376871
625.243992 618.777219 708.552128 668.305999
305.259817 268.245957 440.069143 434.994977
610.533289 542.755191 665.092715 628.397443
591.066133 298.141155 593.991491 609.126387
405.935813 266.256325 466.197975 139.549287
527.425205 193.302976 526.857053 524.786388
393.467038 128.273535 526.906045 196.495309
485.608516 482.480161 663.173568 634.697223
575.100658 168.305920 590.200050 604.369642
496.530802 346.567111 672.359309 352.515803
507.136904 144.720746 557.807143 224.989093
482.665007 248.218316 560.757501 564.827613
453.759350 201.364836 569.164641 593.902906
343.942275 178.245228 661.855207 234.635586
504.212010 205.139991 499.867559 510.679687
309.382012 292.514780 517.806594 218.197498
440.073950 78.603222 493.670718 171.834131
405.716749 325.577159 630.682227 637.104121
538.435116 365.050133 633.003713 621.401918
398.147888 289.147180 643.990223 233.510365
229.186576 230.961601 356.691136 340.394705
367.838485 360.839072 483.903269 475.205742
381.014343 380.840305 607.403472 585.526437
425.143317 345.241721 594.554692 593.645515
529.806122 530.759828 654.004291 623.907687
479.437321 476.709436 604.258738 573.801354
383.711430 338.910918 533.894067 240.610704
106.227427 0.074400 173.544506 98.866107
524.551744 372.619938 553.823994 398.315654
161.415465 134.060495 617.775910 55.474389
180.298222 31.745059 482.528577 79.450504
439.687754 255.474107 593.240529 605.838362
286.848033 42.660003 551.697274 164.977943
290.528021 26.665758 492.353794 293.209663
262.797287 198.562474 622.066556 638.045994
705.805966 504.992834 719.843296 696.541805
660.033736 662.228079 733.311332 697.112416
169.612848 30.982352 507.714581 231.662910
93.599675 44.999834 542.696743 245.443077
63.432470 18.604807 482.260113 151.815244
201.025782 31.572125 515.299749 225.058375
521.438016 149.563297 587.629933 362.264276
695.630146 707.718635 736.458861 690.216790
188.770341 144.645726 648.366135 52.769346
377.548630 134.333337 494.462218 514.963401
437.484684 428.982826 656.552735 636.911337
325.257600 86.929567 537.312808 565.588419
307.485497 82.129431 524.156909 549.277974
384.170144 335.716335 580.315275 571.755804
545.290116 433.396800 650.477745 641.601902
538.324866 461.828704 654.577767 647.289558
580.594355 490.607012 682.049868 672.008854
541.918781 476.613228 659.551249 643.647580
695.518967 698.431363 737.157544 689.838252
698.701648 699.554318 742.487182 686.307730
143.752091 9.687230 396.095046 64.200212
137.795875 24.380832 500.255621 75.865796
416.083364 129.345823 580.696848 373.483543
331.945403 89.369863 598.592622 614.810528
451.107540 107.097960 440.878232 456.187015
461.032357 142.276799 542.270652 564.418197
627.242741 76.299250 617.345157 655.539862
524.437645 12.173843 588.980736 394.004452
551.890973 14.969361 527.548087 557.986154
425.606461 2.637862 540.736223 247.770991
514.976540 7.734876 550.386828 407.299478
487.519392 279.397721 595.945024 330.223259
76.707495 75.557994 633.830216 654.316160
221.161382 155.544690 614.225987 640.504307
168.184028 132.117942 663.456106 683.014903
551.497502 443.619268 652.357956 619.686303
42.562382 23.840221 460.004025 253.921476
568.598576 387.500197 695.452650 683.294978
145.890881 13.326098 364.493999 132.829507
408.702376 289.830415 639.213246 651.249160
606.493645 36.059947 580.075276 607.673643
625.069491 347.340852 705.673872 700.260604
582.723023 299.471776 674.095050 680.869161
579.228158 343.498974 704.012542 700.308825
594.897117 548.737038 664.511911 650.576073
444.252056 452.774452 584.478605 557.448624
695.841736 700.043219 741.414242 693.123371
690.151784 701.389718 739.887889 693.644449
684.248303 682.608686 726.943656 680.904282
693.317239 710.080587 744.536392 696.128221
685.224718 702.521482 728.277222 687.858589
660.838276 505.013117 710.392762 698.954369
691.992795 695.434457 732.320647 687.298825
165.362890 30.542303 453.146611 180.386862
100.324761 101.858337 157.914822 152.357391
617.822024 595.896717 708.538429 670.745477
632.910098 627.662225 715.083168 681.662667
619.366449 607.046461 698.625197 660.078375
662.041889 658.123162 728.608883 688.280767
681.279342 691.188899 746.248810 707.597072
458.722327 400.104510 687.235715 664.821726
525.960944 213.182341 588.141234 610.335365
124.212483 86.119067 593.744825 617.238870
136.930142 134.528654 286.479824 281.866268
135.667566 136.324745 285.777883 282.336470
629.168467 621.266429 699.739341 659.172297
698.347852 683.944983 744.697797 699.599082
637.321404 620.060761 658.813342 615.940287
434.488178 397.033079 532.231644 521.266910
147.037515 138.887067 680.659649 695.383978
358.329786 341.940246 676.517647 673.930097
118.541108 112.950598 646.700259 665.313279
73.443682 17.168348 572.851021 316.827448
219.535105 198.360867 637.417235 648.633244
472.741855 415.715469 627.587621 607.093689
454.109886 88.146940 558.989458 592.413002
252.616595 224.816578 545.949806 547.849533
62.695336 27.201160 593.978024 355.461793
206.024047 109.025480 611.147453 629.168683
141.052719 137.556468 655.990989 665.725856
707.187402 666.597109 741.945937 699.755868
171.776718 136.799867 642.171763 660.723228
195.570130 135.332022 588.150349 598.454057
273.909122 197.122193 656.202049 667.601958
531.693472 445.786158 627.033617 603.030667
276.330705 267.652351 647.402434 651.037301
212.761926 184.506443 657.283669 671.477940
592.872331 586.723229 620.632886 580.982130
342.965252 114.265596 516.665156 541.503280
202.805379 166.543989 548.489153 567.916266
355.423892 342.365888 599.020361 329.759598
378.646531 376.182258 494.494027 469.640338
693.163233 697.373760 723.230153 686.955572
544.137162 550.407039 665.117745 630.423031
315.628114 168.311274 597.656038 623.010634
535.805941 352.937046 654.277680 644.879165
263.846624 34.735701 494.348514 355.995998
299.519464 113.058250 533.750522 263.387958
560.874928 568.130153 707.539259 669.313734
593.949156 595.696552 714.851309 680.583443
541.224369 545.849236 696.542087 660.430467
456.435708 444.957797 653.380785 627.770825
616.834679 537.823613 692.991320 666.341589
634.056343 641.705406 709.333956 658.992300
631.545795 632.200551 707.856665 666.325463
536.852245 537.967695 697.363067 668.337943
461.343341 456.320002 662.080348 637.040612
564.718715 574.170005 726.992576 694.644216
599.821014 570.470775 722.106897 687.954753
533.037172 161.627690 627.810667 638.467070
674.144568 671.985461 737.315769 690.019183
531.253083 245.257206 669.244405 677.860047
193.738152 187.682668 411.641420 419.830265
134.778962 54.050697 349.150664 213.308551
293.141414 121.307552 575.765135 596.686957
277.086877 164.198865 474.707039 479.824382
189.019801 114.529302 452.045620 177.685015
61.963488 50.787635 531.405625 552.514451
273.723240 6.857158 476.488612 361.865552
285.855951 261.217059 606.994864 597.240752
65.641777 24.367822 599.064674 631.411362
112.492520 15.686100 458.243852 240.549048
215.852021 50.416916 486.370153 514.298557
230.077732 117.226132 517.894460 147.977594
173.135965 13.262557 541.125157 184.360105
306.364511 56.777773 480.208146 223.659337
326.297886 129.313333 593.974247 316.312644
234.148298 80.166856 481.704676 153.469592
220.367308 40.374600 463.045240 141.663871
199.940940 17.368476 469.158572 113.279242
641.734298 641.176153 697.382737 657.008729
323.773791 88.096560 473.432913 172.394667
617.988988 452.574950 627.601706 621.103233
470.113576 381.959123 628.063268 306.296871
609.728220 586.407355 718.385093 687.418614
567.765631 552.158573 685.413124 679.658146
545.305697 442.731922 685.356660 681.708180
647.838351 642.388152 691.026791 658.602339
337.289068 284.117438 598.331740 600.150938
379.583875 370.564426 569.130362 558.495430
482.023364 301.306675 492.676701 476.146038
470.685504 340.595432 458.236677 452.513474
553.988963 468.444684 711.297616 686.299481
593.969071 571.848727 619.219064 587.862596
76.490401 74.573533 582.952766 51.046257
413.704605 16.663597 461.071365 221.163709
630.266189 623.018586 744.690255 705.265354
459.228516 94.440277 555.484329 582.716011
364.284400 295.616529 646.852194 671.172050
258.067122 139.589700 407.232399 408.196390
480.896563 430.754448 661.031611 638.788773
261.319939 37.017115 513.642414 209.687183
277.643087 241.990680 593.782679 290.105324
436.648919 378.151675 551.435628 546.264156
605.802094 532.090214 666.566986 652.608766
598.895922 526.338750 661.834437 639.883067
151.409916 4.928156 288.084228 117.266182
364.869272 372.311728 492.396767 481.947315
343.531280 329.319086 552.529185 553.123949
99.413821 54.475744 629.129209 673.582732
556.821397 173.756582 688.548392 713.490985
69.464642 67.911702 620.332243 659.476660
77.933665 75.788026 611.424666 648.013333
250.820195 11.348257 575.228326 611.806852
216.384316 140.367740 433.704455 249.306998
268.133993 30.439540 571.933458 314.165134
230.636848 179.252768 654.066672 668.630761
109.048351 104.583240 498.788318 520.712059
280.986182 260.560247 662.421725 662.852348
135.470122 36.145063 331.537618 105.125539
11.973219 10.524109 589.209667 630.566516
47.095883 28.265637 605.208059 646.045302
23.977095 21.788572 566.456670 603.974880
94.240086 0.883412 443.988647 157.483424
288.831981 205.494761 606.258004 628.073222
626.557875 355.806472 698.166234 692.125251
285.654735 98.456728 522.015730 540.763123
321.762590 119.531201 609.312664 204.996060
481.151824 487.816335 674.900851 644.826475
315.735718 269.346790 668.947090 250.538933
488.242945 495.540737 662.057419 648.829259
407.645029 408.390120 623.540333 615.954179
516.385043 96.687525 549.802852 580.658600
394.525839 328.052889 555.183853 551.028218
468.518746 141.989792 675.631198 317.124409
205.181887 198.181068 527.212776 242.428115
461.152939 183.375074 661.909561 341.909082
399.231090 310.283006 694.689639 360.055695
518.720410 410.376493 654.271958 651.620701
263.185124 36.178032 621.215710 223.315467
365.617242 64.705065 538.971898 569.795596
509.363704 322.885150 591.797682 595.194603
429.616076 255.560344 671.288094 352.668115
519.176002 189.513756 625.350936 651.769398
431.523832 220.607209 661.168752 396.228327
348.978868 281.208675 575.965529 276.213769
331.582625 257.356320 542.128010 246.755246
320.640032 19.575463 600.993604 152.817418
208.427059 68.539802 453.109878 194.467512
451.711096 72.492280 556.933769 585.743955
341.235681 118.881659 515.625497 531.847653
416.818005 28.371768 516.657480 547.425193
236.988839 235.640583 462.480150 463.210535
306.894593 301.159452 615.491400 251.985401
399.934719 50.800521 593.995148 313.749559
362.476205 103.374000 617.165203 344.679254
266.422723 34.629654 492.132701 252.472204
625.870657 552.985976 710.687215 675.694387
454.097394 186.290747 660.957034 383.488049
33.974081 11.353296 505.644790 362.604883
383.192225 301.283905 704.741393 295.425276
487.625502 101.008040 638.820949 664.986573
287.039456 0.093346 650.211234 266.093291
270.943041 0.050196 632.749256 239.045182
648.616647 438.197890 677.275853 683.780635
226.031463 43.668654 518.178004 275.220980
217.005632 6.521149 327.579611 154.584889
111.257206 4.172448 246.071609 70.952878
163.961286 2.331645 254.244030 154.138944
419.860276 390.403042 565.357496 561.278866
551.847443 407.755481 586.483994 584.270737
376.387541 148.030795 567.927965 311.982662
382.101029 3.086858 513.474626 278.775120
542.727991 226.423127 669.535420 691.697835
66.585359 0.390440 107.163370 27.540459
524.500519 89.412479 593.886946 385.604498
539.498707 457.185424 628.768602 616.898544
327.546151 101.644967 534.565014 249.087893
295.521339 124.672894 597.471170 311.300553
377.443157 316.045190 693.304261 254.769034
44.390280 0.995916 68.950530 69.157799
240.505679 83.604607 452.512497 470.364449
369.821970 89.483806 481.786090 497.712560
326.618827 139.782981 621.128830 307.176847
355.237607 71.674229 547.195057 573.828676
507.562792 146.421939 585.477521 610.862943
4.543421 3.058355 557.304659 422.673792
510.510441 326.005489 543.207387 542.743836
498.322664 482.307047 604.447565 592.350396
385.391492 235.268721 552.280866 571.320334
488.365891 18.204061 644.411776 368.641649
338.010921 0.072425 608.806166 309.620605
145.290014 10.160648 374.080540 390.595533
225.786343 5.731200 470.931807 121.207742
478.079493 423.241580 638.168667 627.681032
419.041560 310.832546 581.246751 586.808893
585.260414 241.665079 646.276149 662.473460
234.835633 15.742267 539.919407 142.997609
36.345026 0.514042 98.275441 12.347490
334.053514 0.071752 621.512639 297.436485
46.871383 12.931631 160.413981 26.826742
537.744488 154.236353 619.552279 652.134082
500.134302 482.136434 554.045611 536.582417
131.489990 28.391370 175.168212 56.802929
91.619524 1.552184 226.479478 47.272595
414.233351 4.600699 397.256136 302.165574
94.148944 2.071290 169.380365 80.346820
267.807460 31.465328 469.838466 487.352447
385.602686 34.941854 529.965584 563.090048
617.056135 605.600473 694.322409 660.543137
363.164090 14.407427 514.094196 335.109676
143.341228 9.595992 392.123205 64.710412
589.552774 593.241356 748.954889 711.738056
103.945882 24.496535 442.118939 84.958681
105.366314 82.618956 610.458743 639.031821
343.688218 122.852629 553.348825 577.878186
330.796888 85.626777 619.246788 657.783163
134.710640 13.633310 453.206167 471.782715
156.687526 143.727801 630.243767 658.343285
562.316278 551.718149 654.089190 622.045801
538.313580 560.453251 643.649978 606.581214
482.672191 496.581866 708.299799 678.780583
478.405672 355.517175 715.763146 713.090814
314.158108 189.987180 697.336406 712.420026
203.969225 196.952286 419.429058 416.890810
471.112002 285.556335 562.922496 566.785236
135.113951 13.513407 453.698141 473.702227
63.188781 56.887938 579.140330 620.608970
645.620088 623.736700 745.236578 698.239116
159.563403 8.453825 352.681579 359.867864
178.610861 0.747143 270.023345 82.737766
677.386089 686.579846 736.290508 693.520071
619.013783 490.634134 698.456912 681.353284
330.595075 64.479020 646.410107 411.736715
474.889270 474.021601 528.785350 512.618339
466.161132 466.358118 635.516977 611.090482
451.054425 360.876215 642.601782 636.243825
296.415896 286.461741 676.142852 702.621739
567.372145 573.875019 726.505241 692.775536
598.470183 473.352498 676.310686 664.003903
326.988286 298.208582 515.119514 514.462042
302.301204 49.154612 505.458955 234.258277
260.387965 238.258107 681.788806 677.527355
188.419702 179.165880 601.716770 617.982941
404.729696 382.641626 424.921539 410.052352
438.360540 259.440447 595.235349 606.638572
276.683236 40.133920 548.286330 166.283102
331.161364 76.666527 652.195984 678.320662
275.307607 286.164315 624.396708 618.410610
403.020175 235.913054 654.121584 682.591777
404.635516 107.627891 631.904697 654.011745
358.056100 310.741409 631.653345 632.654593
352.372218 331.835456 464.342579 457.481771
297.876670 245.965991 591.062057 583.809941
325.748895 141.059774 570.069654 595.991469
117.850039 2.287045 464.178806 159.680724
93.396611 13.900064 477.824054 146.468669
433.970277 344.157604 694.434961 289.813788
441.340408 436.907628 625.910769 627.885414
631.489496 616.103846 695.369641 679.150496
494.727141 411.246298 670.631990 672.603836
488.141272 394.093498 636.448911 631.664983
509.184373 162.956758 519.021245 539.560956
90.838574 23.600088 461.197227 246.200441
340.890189 178.474862 522.694982 545.095288
394.982150 2.019380 623.625375 337.000773
178.883592 17.144456 289.739600 155.947466
518.268329 526.495613 724.330888 697.728259
535.733225 508.457484 695.394615 668.709945
478.580673 486.494046 670.766479 643.567523
402.095734 98.274717 596.136710 632.350311
420.016530 276.959122 569.974071 304.893348
405.775526 322.965578 615.091138 275.184408
211.780429 190.671580 560.416624 117.068761
272.580224 3.127735 530.514427 244.058381
490.407695 14.520300 626.206081 661.375143
439.617363 276.916739 582.921431 586.655818
497.702266 75.682737 612.566981 647.018670
498.796097 255.885597 527.888367 533.929457
276.909883 144.574478 476.788834 291.511921
511.518212 319.962045 606.838955 598.187602
556.733570 481.741928 611.121021 604.950635
531.393945 82.150284 620.259130 301.130408
124.880445 7.771130 334.530229 88.443297
721.328596 709.763131 751.473056 710.611729
238.173432 207.378706 546.218654 281.095192
64.290441 14.911037 597.265708 635.569967
164.158711 28.937115 529.356737 255.245474
159.865929 2.474999 295.987292 186.251868
555.755836 366.929731 670.664795 661.373788
74.727318 11.150506 352.173685 62.212049
236.866532 237.451981 424.768434 201.037738
290.240367 206.089434 609.246692 397.404605
296.690468 302.852708 540.116200 539.768271
476.795043 437.745350 638.608105 608.924812
294.737152 38.268015 469.062054 269.530978
351.661100 205.421404 481.593115 485.361567
249.899155 243.426376 481.601173 475.902535
334.744207 321.098954 629.580420 614.553228
582.039766 582.780625 614.949412 578.905268
313.694439 270.266824 704.084801 156.410351
568.153279 518.182788 716.890124 689.812427
393.530988 329.231565 556.230121 553.892149
422.224290 422.184582 637.987121 258.732715
513.022912 506.997427 678.249364 643.339742
348.206819 352.347271 553.435969 553.822309
156.098242 42.536581 317.134192 138.290124
254.253542 47.916972 466.688493 491.976323
18.366209 1.927049 325.662882 161.240859
58.641056 8.078694 492.884167 255.987236
563.223901 472.387032 676.554656 668.946983
567.107255 521.584521 645.918221 620.338692
542.090856 535.064855 630.863710 615.785241
423.269624 428.985856 555.369719 542.559993
404.805314 408.516898 556.249498 142.745918
601.606060 591.699162 678.609781 651.150768
110.428906 21.082325 441.335715 202.976287
412.393868 159.968162 512.616318 518.194163
382.721881 1.741602 533.090740 550.610504
417.470693 262.053777 528.882165 544.906242
505.656764 421.888005 664.913964 646.843632
491.903642 433.463573 649.002098 644.711412
696.319375 705.215961 741.703299 693.815285
182.393850 87.514845 589.437653 362.623627
273.112725 175.531772 669.893719 673.210653
340.155898 316.795300 601.092581 606.444287
358.464714 150.180192 482.163981 499.474598
226.533904 171.307151 523.130056 138.113622
486.478884 486.787592 650.349840 643.322603
298.963615 279.399912 626.360522 179.502577
577.558418 563.663190 679.753098 666.550959
257.313145 252.591986 379.447553 370.287549
119.367260 59.108306 452.919426 475.944831
118.668426 13.902320 500.111979 525.438067
526.427033 521.476792 613.638821 598.136994
581.695930 569.379916 641.434546 623.508740
253.100038 250.610605 379.403064 372.538877
681.219752 677.979179 740.445611 697.236792
21.570807 19.647310 544.485757 330.903051
486.989145 141.777915 612.267700 271.997567
598.337132 314.983000 679.796498 680.297804
421.116173 22.747998 571.513495 339.374178
557.939645 583.233471 591.306439 570.668092
608.777173 546.328677 668.563252 646.692021
563.992829 521.132409 651.029034 618.730262
647.516740 599.660751 697.451007 681.278627
651.950297 635.049178 707.311637 687.217309
571.929346 495.698007 651.563382 642.039481
560.624581 497.850819 653.879393 643.985032
430.066315 423.359410 554.255808 525.231646
682.050495 686.259738 720.261080 680.690243
532.164572 539.580115 566.416547 529.318825
563.949133 559.096071 663.946699 631.392680
585.434572 576.658504 620.700328 586.414708
426.457189 426.739185 553.687744 527.757544
558.103056 580.522369 584.733044 565.951438
180.939796 22.038621 461.523431 193.846654
610.582295 517.938903 681.530148 672.446529
711.191512 720.261086 717.707951 683.613318
501.331847 509.373840 657.385104 631.880343
512.611663 201.212255 695.248197 277.573513
248.603297 215.432174 653.178414 648.586630
443.350991 366.559633 686.523013 252.015995
484.106907 392.668270 675.019731 315.650291
366.228357 305.529306 643.263630 219.047585
459.970576 433.159269 652.401577 339.325375
602.724012 586.609003 662.673978 641.269447
427.808108 426.299319 556.429764 529.055667
160.908034 90.509650 597.611820 35.142208
569.218283 948.701246 693.750808 628.791767
428.598311 426.051914 554.735792 527.588703
557.780347 581.226365 590.949338 567.546393
